0
12
24
72
84
96
108
120
132
144
156
168
180
192
204
216
228
252
264
276
288
300
312
324
336
348
360
384
396
456
468
492
504
516
522
528
534
540
546
552
558
564
570
576
582
588
595
600
606
612
618
624
630
636
642
648
654
660
666
672
678
684
690
696
702
708
714
720
726
732
738
744
750
762
768
774
786
792
798
804
810
816
828
834
840
846
852
858
864
870
876
882
894
900
906
906
912
918
924
930
936
942
948
960
966
972
978
984
990
996
1002
1008
1014
1020
1026
1032
1038
1044
1050
1056
1062
1068
1074
1080
1092
1098
1110
1116
1128
1140
1146
1152
1158
1164
1170
1176
1188
1200
1206
1218
1224
1230
1236
1242
1248
1254
1260
1266
1272
1278
1284
1290
1296
1308
1314
1320
1326
1332
1338
1344
1350
1356
1362
1368
1374
1380
1386
1392
1398
1404
1416
1422
1428
1434
1440
1446
1452
1458
1464
1470
1476
1482
1488
1494
1500
1506
1512
1518
1524
1530
1536
1542
1554
1566
1572
1578
1584
1590
1596
1602
1608
1584
1620
1626
1632
1638
1644
1650
1656
1662
1668
1674
1680
1686
1692
1698
1704

